358.74199325380835
2.7936876110438504
176.22669548850928
647.6858325765794
288.5636037430063
432.2580762064106
46.15454585208643
21.57824702667162
171.27153372501468
125.48567940289792
81.67121480971912
519.8468277970655
158.80036499967127
-42.39299942150122
329.0904881563885
354.79469985101446
170.0590921287153
-95.98548277961486
76.79850001960166
141.62780270364533
168.94639171957232
99.4088211746552
810.4887741569818
171.0653790661437
-42.221233000228416
77.67756145134166
49.991856951401815
233.9218333775711
223.55945291068042
205.5824843570751
158.11375849398925
63.85061991414031
62.62144577917381
74.2708078285971
-42.78746980560894
309.52887162043766
198.66061152099184
-97.99848638755805
104.26899819051103
421.9814910911636
184.02810693880303
240.48020657933307
449.509982909515
-29.83829453716774
177.90601189581923
164.0097727613583
